36 0.0463165 0.471342 0.0165827 0.0222432
6 0.10827 0.251834 0.0165681 0.0236346
3 0.308608 0.487046 0.0155921 0.0217327
2 0.46881 0.388391 0.0145398 0.0234732
16 0.862797 0.586091 0.0155489 0.0219739
66 0.868922 0.0273701 0.0126896 0.0250643
27 0.539626 0.516389 0.0166794 0.0224233
8 0.469072 0.243833 0.0153324 0.0234947
33 0.869801 0.182266 0.0105389 0.021398
31 0.610236 0.349602 0.0173568 0.0248962
1 0.469163 0.341227 0.0155436 0.0237954
5 0.286899 0.0272421 0.0170499 0.0225121
30 0.610094 0.290648 0.0163519 0.0213165
10 0.0336461 0.75301 0.0169201 0.0241478
15 0.837056 0.586529 0.0155205 0.0211099
6 0.315312 0.0275609 0.0163887 0.0228955
25 0.187854 0.492422 0.0166573 0.0231035
28 0.594617 0.516301 0.0156238 0.0216046
25 0.332288 0.605291 0.0156188 0.0213356
55 0.869384 0.0853721 0.0115601 0.0246931
22 0.869257 0.237622 0.010946 0.0236778
13 0.681634 0.960698 0.01537 0.0223458
6 0.258227 0.0271832 0.0162921 0.0229298
36 0.169645 0.323549 0.0161185 0.0224677
28 0.566757 0.516669 0.0154669 0.021382
20 0.939955 0.586196 0.0156028 0.0218625
84 0.468683 0.287952 0.0116716 0.0242043
35 0.196591 0.15504 0.0150163 0.0205489
39 0.20071 0.0275309 0.016393 0.0225927
4 0.344352 0.027643 0.0163171 0.0233149
34 0.2548 0.450562 0.0163586 0.0221392
44 0.869179 0.13138 0.0111633 0.0240715
17 0.888352 0.58594 0.0155369 0.0213135
37 0.140322 0.323512 0.0167021 0.02265
24 0.263147 0.709991 0.0162558 0.0226049
19 0.913898 0.586268 0.0152107 0.0211522
26 0.187979 0.549706 0.0164647 0.0228367
0 0.464817 0.159086 0.00927851 0.021397
1 0.357124 0.328538 0.0157218 0.0223313
32 0.283102 0.450833 0.0161285 0.0220415
12 0.714542 0.961176 0.0162193 0.0213894
11 0.895774 0.13215 0.0111778 0.0226193
14 0.105971 0.470956 0.0164581 0.021796
10 0.308983 0.450599 0.0159517 0.0225667
12 0.508525 0.516514 0.016752 0.022562
24 0.465138 0.833681 0.0150345 0.0218816
6 0.465174 0.833636 0.0150396 0.0216579
7 0.229414 0.0276424 0.0158465 0.0223304
