2 0.494497 0.873581 0.0160765 0.0227108
7 0.136826 0.261735 0.0170189 0.0205937
1 0.0149925 0.435632 0.0170879 0.0228939
22 0.851489 0.338817 0.0133129 0.0247246
8 0.103557 0.261491 0.0164589 0.02083
1 0.449061 0.873806 0.0168682 0.0216924
33 0.851688 0.391026 0.0134575 0.0243012
0 0.851222 0.444406 0.0138737 0.0267856
3 0.600767 0.875339 0.0199415 0.0246473
11 0.851529 0.233559 0.012994 0.0255454
33 0.851837 0.286137 0.0129318 0.0248229
7 0.23504 0.261679 0.0161714 0.0205358
66 0.555247 0.330591 0.0143904 0.0252967
6 0.198344 0.0379227 0.0166616 0.0217067
4 0.169333 0.261471 0.0160463 0.0205447
5 0.202137 0.261619 0.0163217 0.0200162
84 0.0173305 0.382898 0.0116241 0.0220743
22 0.640748 0.331402 0.0149299 0.0283306
9 0.165894 0.0379634 0.0170158 0.0217151
10 0.647366 0.875283 0.0187354 0.0236426
68 0.600434 0.331121 0.0138734 0.0253801
84 0.537325 0.873541 0.0126185 0.0224456
7 0.166006 0.0379531 0.0169235 0.0210112
44 0.640564 0.33088 0.0145271 0.0277447
