6 0.00849652 0.665798 0.0168656 0.022176
8 0.19256 0.438332 0.0162276 0.020262
1 0.404193 0.145517 0.0181993 0.0225712
66 0.936032 0.582864 0.0130089 0.0246982
9 0.309182 0.438835 0.017054 0.0199034
9 0.264036 0.438929 0.0183613 0.0206878
18 0.865588 0.732298 0.0167736 0.0197118
8 0.0318979 0.9836 0.0165206 0.0206791
8 0.353401 0.43906 0.0160748 0.0204447
8 0.286762 0.438904 0.0167808 0.0197684
2 0.938827 0.541379 0.0162884 0.0225925
9 0.564431 0.438054 0.016638 0.0195512
5 0.00875204 0.630322 0.0172617 0.0238169
9 0.609663 0.439092 0.0170771 0.0219406
7 0.0542735 0.983804 0.0166443 0.0204093
6 0.249358 0.145011 0.0171237 0.0215255
9 0.37652 0.439153 0.0169028 0.0213987
17 0.841621 0.732229 0.0163925 0.0197713
9 0.346349 0.98374 0.0173069 0.0219518
9 0.2147 0.438737 0.0170795 0.0201607
1 0.456424 0.145624 0.0190353 0.023943
13 0.81725 0.732365 0.0165566 0.0200858
9 0.615232 0.983137 0.0166067 0.0205038
12 0.00826241 0.770156 0.0163881 0.0208858
1 0.93988 0.420992 0.0168469 0.0222119
16 0.795634 0.732244 0.017688 0.0202518
7 0.121901 0.983618 0.0168769 0.0211355
8 0.659963 0.982999 0.016004 0.0206434
9 0.443449 0.43889 0.0166807 0.0203903
9 0.390926 0.983616 0.0169395 0.0208567
9 0.234007 0.983861 0.0171319 0.0218854
15 0.311874 0.849724 0.0178418 0.0215311
2 0.939327 0.46036 0.0159275 0.0222958
33 0.936095 0.340134 0.0121609 0.0220108
5 0.548109 0.983552 0.0169182 0.0213389
8 0.323411 0.983689 0.0163245 0.0215902
7 0.480341 0.983565 0.0170746 0.0212261
11 0.93563 0.257654 0.0133711 0.0233703
9 0.301179 0.983608 0.0169125 0.0215002
8 0.43586 0.983188 0.0165652 0.0212494
8 0.586385 0.438593 0.0172274 0.0205537
7 0.188998 0.983798 0.0171181 0.0218097
8 0.421492 0.438576 0.0164366 0.0203576
2 0.428386 0.145748 0.017384 0.0223676
5 0.00850803 0.699894 0.0168951 0.021907
9 0.00960411 0.983778 0.0179063 0.0217144
9 0.0771368 0.983542 0.0166269 0.0203827
9 0.682398 0.983213 0.0160934 0.0206331
1 0.939597 0.502359 0.0168638 0.0221308
68 0.328186 0.145441 0.0118138 0.0212763
8 0.25603 0.983483 0.0165393 0.0214841
22 0.750799 0.011336 0.0132452 0.0188693
4 0.278642 0.983472 0.0171556 0.021272
2 0.377179 0.145228 0.0173201 0.0228244
8 0.166235 0.983553 0.0162953 0.0206333
9 0.413566 0.983865 0.0172547 0.0213986
69 0.93528 0.624409 0.0128167 0.0216674
6 0.00835393 0.734721 0.016642 0.0213316
9 0.398608 0.439286 0.0165357 0.020984
3 0.368129 0.983771 0.0167288 0.021292
9 0.21146 0.983688 0.0168771 0.0210571
9 0.18912 0.984054 0.0171468 0.0202636
9 0.503422 0.983202 0.0162744 0.0205114
7 0.413689 0.983443 0.0171652 0.0210043
8 0.09891 0.98365 0.0167065 0.0203682
5 0.27588 0.144785 0.0166953 0.020979
8 0.59237 0.983311 0.0154202 0.0203824
10 0.939632 0.380147 0.0172704 0.0222483
9 0.570497 0.983809 0.0165596 0.0209343
7 0.331299 0.439235 0.0167978 0.020816
0 0.466884 0.439316 0.00934515 0.0200307
7 0.637778 0.983086 0.0162113 0.0200011
10 0.301163 0.145325 0.0169075 0.0213002
55 0.35429 0.145307 0.0122313 0.0219364
9 0.144392 0.983857 0.0174122 0.0212098
15 0.312059 0.81629 0.0169226 0.0210998
9 0.63758 0.983328 0.0161917 0.0203525
6 0.525475 0.983361 0.0165685 0.0208706
22 0.935736 0.298643 0.0128628 0.0226854
