13 0.09416 0.0358712 0.0182103 0.023213
33 0.818463 0.393599 0.0104757 0.0194397
41 0.171121 0.5944 0.0164173 0.0185531
20 0.14104 0.594475 0.016349 0.0198123
50 0.388459 0.0313459 0.0177451 0.0223401
28 0.821816 0.430796 0.01572 0.0200825
44 0.921166 0.382585 0.0109344 0.0199934
16 0.740814 0.841742 0.0167322 0.0200744
2 0.0773276 0.594283 0.0164323 0.0206015
38 0.255788 0.564703 0.0176837 0.0211803
66 0.0221545 0.865239 0.0122358 0.0215957
25 0.269761 0.370954 0.0176478 0.020796
52 0.572159 0.177283 0.0184319 0.0224302
1 0.0169383 0.465271 0.0165537 0.0214808
50 0.299803 0.0311133 0.0177273 0.0226603
25 0.208837 0.37022 0.016407 0.0197513
19 0.0900019 0.866395 0.0170655 0.0195939
10 0.313965 0.379711 0.0175568 0.0220069
34 0.2431 0.140401 0.01769 0.021437
46 0.228616 0.307573 0.016355 0.019423
18 0.980018 0.748479 0.0171566 0.0209391
12 0.364556 0.379598 0.0176874 0.0221431
8 0.016626 0.361655 0.0157286 0.0206752
24 0.189229 0.369847 0.0159951 0.019394
23 0.0165261 0.431967 0.0172705 0.0211635
55 0.646442 0.879318 0.0115788 0.0214437
17 0.771802 0.972537 0.0173868 0.0216801
15 0.784174 0.781198 0.0162827 0.0216874
51 0.299956 0.0660501 0.0173379 0.0213943
5 0.0936996 0.14367 0.0176267 0.0225611
18 0.962891 0.877738 0.0169182 0.0210698
29 0.822142 0.470629 0.0164459 0.01916
14 0.158579 0.504729 0.0171538 0.0203818
31 0.0936481 0.361445 0.0165578 0.0196317
3 0.109353 0.59444 0.0163679 0.0200362
0 0.864707 0.913705 0.0094303 0.0183613
51 0.388441 0.066323 0.0183866 0.0220288
24 0.249465 0.370461 0.0150566 0.0197485
26 0.225475 0.473909 0.0167433 0.0200459
43 0.272922 0.140349 0.0173856 0.0212866
9 0.229287 0.370457 0.015944 0.0198715
20 0.198163 0.140553 0.0175996 0.0212847
32 0.0936848 0.324519 0.0161763 0.0195593
7 0.308321 0.56468 0.0166656 0.0206078
42 0.298402 0.140409 0.0186763 0.0223955
19 0.559308 0.955969 0.0176046 0.0217902
29 0.0935554 0.361534 0.0175055 0.020466
42 0.229152 0.337359 0.0161195 0.0190319
40 0.298498 0.140358 0.0189999 0.0222998
48 0.229029 0.252173 0.0169345 0.0205414
36 0.228968 0.278409 0.0162142 0.0201123
30 0.0935969 0.287184 0.0156665 0.0190164
48 0.093742 0.249742 0.016038 0.0210422
39 0.0936265 0.108285 0.0183352 0.0231999
47 0.134988 0.504271 0.016678 0.0193182
21 0.220699 0.140719 0.0172651 0.0222578
6 0.0938389 0.071769 0.0175315 0.0235224
69 0.28248 0.564701 0.0119741 0.0205421
45 0.188796 0.323801 0.0167954 0.020712
3 0.338946 0.379792 0.0173518 0.0213831
77 0.111632 0.742203 0.0117533 0.0210247
