8 0.651948 0.906792 0.0197079 0.0230016
4 0.990036 0.864551 0.0193516 0.0243896
13 0.877295 0.985706 0.0203089 0.0215715
12 0.651823 0.98574 0.0203001 0.0214112
10 0.836296 0.985267 0.021591 0.0227088
2 0.723874 0.631205 0.0197256 0.0255144
3 0.99003 0.78309 0.019743 0.0251528
4 0.651933 0.788978 0.0203865 0.0224526
5 0.651667 0.74938 0.0200933 0.022715
1 0.76644 0.631046 0.0205612 0.0249081
69 0.321917 0.37057 0.0186118 0.0255548
6 0.651663 0.8269 0.0198975 0.0230479
66 0.882055 0.500859 0.0172318 0.0253801
7 0.651717 0.865388 0.0197683 0.0223407
1 0.985222 0.630614 0.0209873 0.0249763
8 0.990515 0.985094 0.0183792 0.0237301
14 0.989752 0.945053 0.0200031 0.0240396
22 0.592884 0.40218 0.0176968 0.0255684
33 0.477527 0.0456254 0.0142046 0.0218156
6 0.98991 0.906045 0.0198055 0.023977
5 0.990098 0.823315 0.019243 0.024901
9 0.653411 0.94713 0.0200113 0.0224839
22 0.281541 0.151166 0.017299 0.0256429
0 0.506435 0.402191 0.0174528 0.0265718
11 0.0145657 0.337649 0.0131819 0.0217694
2 0.990108 0.742846 0.0191683 0.0254886
0 0.214018 0.151117 0.0158389 0.0254755
69 0.548249 0.401574 0.0163731 0.0245219
68 0.1571 0.151116 0.0162427 0.0248464
3 0.651634 0.707635 0.0207226 0.0237083
11 0.27678 0.761447 0.0133928 0.0215709
55 0.349856 0.150823 0.0150824 0.0232493
68 0.540209 0.804887 0.0154469 0.0232656
44 0.820556 0.167661 0.0146904 0.022616
