41 0.764236 0.347245 0.0162987 0.0177901
15 0.905149 0.530774 0.0170326 0.0195356
34 0.390336 0.413365 0.016657 0.0178372
36 0.806987 0.664383 0.0167915 0.0176283
18 0.531518 0.843854 0.0174384 0.0182365
20 0.652982 0.891768 0.0176268 0.019455
35 0.829517 0.348041 0.0165394 0.0187159
27 0.390066 0.2973 0.0169755 0.0188268
30 0.505423 0.891464 0.0176687 0.0192222
12 0.904382 0.574853 0.017173 0.0188589
3 0.787784 0.195229 0.0167731 0.0187754
2 0.728883 0.663739 0.0165243 0.0193679
13 0.903513 0.619226 0.0165632 0.0185023
14 0.90535 0.484738 0.0170326 0.0197251
11 0.356636 0.524815 0.0117762 0.0182584
36 0.664955 0.465629 0.0179291 0.0197687
18 0.619472 0.816044 0.0169897 0.0181854
7 0.568258 0.152178 0.0172571 0.0198505
36 0.829926 0.384485 0.0171583 0.0188725
8 0.568099 0.188212 0.016107 0.018511
6 0.786957 0.163211 0.0173027 0.019217
0 0.388968 0.890579 0.0118359 0.0205289
19 0.65304 0.844159 0.0175012 0.0203178
39 0.314222 0.52644 0.0177146 0.017692
30 0.280657 0.706506 0.0168915 0.0193792
29 0.280693 0.74091 0.0175679 0.0188918
55 0.620048 0.784257 0.0128847 0.018996
33 0.357329 0.890015 0.0140121 0.0202443
38 0.727719 0.84577 0.0173471 0.0188463
4 0.0981412 0.150916 0.016478 0.0175559
29 0.456884 0.298661 0.0174556 0.0180211
1 0.449202 0.891269 0.0184382 0.0207555
35 0.839239 0.665212 0.0163231 0.018263
32 0.390026 0.376834 0.0169258 0.0176702
5 0.829174 0.307821 0.0179377 0.020869
42 0.76409 0.378952 0.0169924 0.0187018
48 0.357014 0.670685 0.0164774 0.0181647
8 0.455537 0.225117 0.0165991 0.0194627
35 0.664305 0.434306 0.0159918 0.0178851
32 0.516097 0.187633 0.0167238 0.0181249
25 0.390078 0.450522 0.0167924 0.0174212
22 0.324242 0.891088 0.0143176 0.0209427
32 0.774642 0.665595 0.0169026 0.0175959
34 0.72774 0.754428 0.0179775 0.0194936
44 0.69067 0.844182 0.0127231 0.0199884
46 0.541396 0.223628 0.0158688 0.0184778
10 0.905 0.665116 0.0168651 0.0196396
21 0.280227 0.889788 0.0177299 0.0191489
43 0.356468 0.638459 0.0166597 0.0181933
7 0.455649 0.187105 0.0173826 0.0201397
10 0.872193 0.665394 0.0168541 0.0192674
24 0.356138 0.60261 0.0156373 0.0185072
28 0.456712 0.261411 0.0170603 0.0184454
37 0.727952 0.708882 0.017914 0.0196415
69 0.585842 0.88974 0.0129347 0.0187775
66 0.728186 0.798715 0.0135822 0.019759
26 0.424108 0.297692 0.0167175 0.0181521
23 0.390305 0.335463 0.0172119 0.018113
37 0.662351 0.530559 0.0174675 0.0191822
55 0.356337 0.564311 0.0122926 0.0189114
40 0.634249 0.152243 0.0170341 0.0193732
