10 0.294331 0.549301 0.0167813 0.0209256
15 0.141277 0.772027 0.0174608 0.0206841
14 0.743214 0.0111071 0.0175796 0.0222142
16 0.294295 0.669304 0.0161162 0.0187849
11 0.406797 0.0726665 0.0117674 0.0202385
21 0.741518 0.846643 0.0165068 0.0197505
27 0.303652 0.0632892 0.0175137 0.0219243
2 0.752621 0.204875 0.0164425 0.0216943
17 0.294133 0.637945 0.0166592 0.0213882
7 0.0544883 0.372174 0.0172117 0.0228838
8 0.25063 0.241909 0.0157841 0.0208046
12 0.0327201 0.967087 0.0173673 0.0217083
1 0.871775 0.204701 0.0159851 0.0198376
44 0.93603 0.273197 0.011117 0.0207757
8 0.0506385 0.104536 0.0165513 0.0209901
26 0.30402 0.033079 0.0177541 0.0218168
55 0.962095 0.272607 0.0113456 0.0204581
8 0.159968 0.411703 0.0177085 0.0238905
13 0.19237 0.919653 0.0165946 0.0212155
20 0.788262 0.205352 0.0163644 0.019991
7 0.0271585 0.105058 0.0167133 0.0206423
3 0.944426 0.157303 0.0172566 0.0230028
19 0.145405 0.665528 0.0169479 0.0202231
9 0.294729 0.507019 0.0168918 0.0218578
25 0.303813 0.14704 0.0156339 0.0201413
24 0.303215 0.0929282 0.0159036 0.0207871
4 0.135248 0.412088 0.0185482 0.0238851
23 0.574617 0.0523519 0.0180057 0.0219911
28 0.814005 0.205729 0.017452 0.0213448
68 0.746778 0.0496888 0.0113159 0.020134
7 0.250792 0.282602 0.0160265 0.0210676
18 0.145516 0.697966 0.0172835 0.0213069
22 0.834374 0.284756 0.0106098 0.0195666
66 0.9791 0.715342 0.0129314 0.0212371
9 0.186279 0.412383 0.0185052 0.0231459
8 0.0540986 0.341396 0.0163549 0.0209755
5 0.0543374 0.31044 0.0178421 0.0216044
6 0.250836 0.204746 0.0159726 0.0213088
69 0.844976 0.204714 0.0120897 0.0207311
33 0.956426 0.452752 0.0100598 0.0165749
