13 0.9153 0.053274 0.0189274 0.0213517
2 0.537253 0.801542 0.0190967 0.0259941
8 0.640118 0.443227 0.0188815 0.0225546
4 0.433639 0.939746 0.020941 0.0251109
9 0.229085 0.399218 0.0198639 0.0245796
7 0.816266 0.724584 0.0189907 0.0202257
33 0.867792 0.0531163 0.013324 0.0202879
5 0.529289 0.142691 0.0185204 0.0217365
0 0.14169 0.55433 0.0111304 0.0219579
1 0.819379 0.635892 0.0196926 0.0222945
33 0.696645 0.0434305 0.0129783 0.0222603
69 0.206701 0.785125 0.0153561 0.0256627
11 0.815975 0.961066 0.0122028 0.0222408
68 0.530436 0.293935 0.0140215 0.0226443
6 0.852853 0.724224 0.0173523 0.0202379
3 0.260925 0.940471 0.0212195 0.0242264
69 0.536842 0.735925 0.0139486 0.0234219
66 0.535895 0.867335 0.0163891 0.026383
10 0.983268 0.723839 0.0189583 0.021208
44 0.201042 0.398938 0.0129189 0.0242339
12 0.890852 0.0192824 0.0197144 0.0208466
55 0.17222 0.398857 0.0138842 0.0232091
