10 0.354467 0.123492 0.0203314 0.0233422
10 0.592026 0.306819 0.0207106 0.0234436
14 0.9109 0.720624 0.020269 0.0224842
3 0.894144 0.387511 0.0218021 0.023184
66 0.643518 0.123737 0.0151882 0.0232774
4 0.851759 0.386782 0.0214399 0.0239549
9 0.735685 0.303526 0.0224741 0.0245649
5 0.933898 0.122828 0.0210305 0.023167
8 0.691221 0.301683 0.0194974 0.0225963
12 0.910816 0.671176 0.0197531 0.0220208
11 0.854314 0.123902 0.0153458 0.0228992
1 0.991008 0.441398 0.0172629 0.0234751
6 0.642582 0.306657 0.0199045 0.0226461
66 0.989879 0.380869 0.0156901 0.0256635
2 0.773276 0.58775 0.0201443 0.0240535
13 0.910221 0.614314 0.0187119 0.0214361
7 0.773356 0.3059 0.0230674 0.0272303
15 0.814391 0.775554 0.0187477 0.0205026
33 0.684621 0.124357 0.0138672 0.0224343
0 0.667009 0.778905 0.0158508 0.0260577
22 0.99061 0.276714 0.0148217 0.0237686
84 0.990206 0.49129 0.013467 0.0212538
22 0.894004 0.123811 0.0147402 0.0221362
68 0.767377 0.12326 0.0139122 0.0213854
44 0.727624 0.123198 0.0140172 0.0222925
44 0.810261 0.122771 0.0146185 0.022328
55 0.990628 0.330261 0.0140997 0.0234054
16 0.784156 0.789402 0.0193101 0.0208143
