10 0.408826 0.250167 0.0167093 0.0199708
16 0.863519 0.645809 0.0181202 0.0224457
13 0.827818 0.708698 0.017379 0.022939
8 0.684583 0.98689 0.0188286 0.0221248
27 0.242328 0.568642 0.0170896 0.0209675
34 0.522401 0.164632 0.0175461 0.0213239
25 0.378088 0.767784 0.0165663 0.019451
66 0.00947758 0.243564 0.0106325 0.0231105
4 0.889224 0.358856 0.0163589 0.0214541
31 0.416033 0.387591 0.0171139 0.0210055
17 0.435987 0.250373 0.0171322 0.0199329
22 0.135929 0.251312 0.0126585 0.0213367
13 0.381855 0.250383 0.0166464 0.0198245
2 0.747603 0.880197 0.0173317 0.0227987
5 0.888951 0.311955 0.0167366 0.0217258
19 0.488389 0.250155 0.0169932 0.0203271
7 0.432629 0.930298 0.0167256 0.0226471
14 0.847624 0.879807 0.0174767 0.0221123
0 0.597937 0.097284 0.0106393 0.021998
6 0.786029 0.879784 0.0179341 0.0226681
1 0.432722 0.879825 0.016989 0.0230563
20 0.86335 0.546493 0.0171017 0.0206905
18 0.460222 0.250467 0.0167585 0.0200113
15 0.877512 0.8803 0.0181408 0.0223096
38 0.980845 0.28064 0.0173222 0.0205672
26 0.378617 0.733893 0.0165152 0.0206702
68 0.432235 0.98302 0.0129141 0.0218373
44 0.111801 0.251426 0.0113932 0.0203102
36 0.981247 0.0312122 0.0155863 0.0195782
7 0.432518 0.730292 0.0170533 0.0239088
33 0.00862509 0.212655 0.0107002 0.0207492
69 0.432254 0.828609 0.0129713 0.0218795
23 0.862773 0.47905 0.017751 0.0220033
21 0.863422 0.578822 0.0174141 0.0208137
39 0.41522 0.49149 0.0172892 0.0206395
1 0.760423 0.670976 0.0166298 0.0212094
40 0.513636 0.250173 0.0171555 0.0206698
41 0.10948 0.575033 0.0155231 0.0188767
30 0.332553 0.733486 0.0158134 0.0201189
24 0.862907 0.513076 0.0169186 0.0218325
29 0.210604 0.568273 0.016868 0.0209285
9 0.68522 0.876667 0.0174135 0.0214401
32 0.031644 0.656371 0.0159856 0.0197438
37 0.95109 0.280242 0.0158375 0.0199175
28 0.210493 0.568369 0.0173938 0.0206389
13 0.43242 0.777344 0.0166043 0.0231394
69 0.757921 0.646549 0.0124398 0.0201224
42 0.51362 0.250715 0.0168454 0.0206703
3 0.861552 0.448102 0.017775 0.022892
84 0.432623 0.82872 0.0129736 0.0220929
29 0.355198 0.734059 0.0165152 0.0207064
40 0.0602788 0.594892 0.0163421 0.0191515
32 0.416063 0.439153 0.0166568 0.0197681
0 0.0313371 0.239592 0.00952161 0.0253227
