1 0.0945474 0.660704 0.0160693 0.0224902
26 0.480639 0.422564 0.0164876 0.02088
12 0.901056 0.623635 0.0166208 0.020602
33 0.254128 0.160431 0.0122309 0.0215764
8 0.95335 0.784457 0.0162613 0.0222371
20 0.719403 0.34758 0.017533 0.0206191
11 0.455449 0.120111 0.0129936 0.0222783
33 0.366104 0.354744 0.0108772 0.0200744
5 0.736582 0.544778 0.0178707 0.0211456
22 0.343221 0.354551 0.0116595 0.02096
15 0.768656 0.463697 0.0180168 0.0232014
16 0.390874 0.354004 0.0176581 0.0201362
4 0.953476 0.557799 0.0159747 0.020921
18 0.583177 0.1195 0.0194694 0.0237544
7 0.953567 0.727794 0.0161998 0.0215073
66 0.40899 0.726156 0.011846 0.0222563
68 0.158241 0.529151 0.0123043 0.0236437
13 0.954098 0.963511 0.0171802 0.0218228
11 0.298268 0.27114 0.0111431 0.0201934
55 0.177906 0.529329 0.0138115 0.0252139
16 0.208797 0.161726 0.0177755 0.0209354
2 0.11336 0.660592 0.0164998 0.021802
10 0.901467 0.592346 0.0172855 0.021873
23 0.406276 0.42239 0.0176319 0.022126
14 0.954763 0.930437 0.0177667 0.0219346
24 0.383975 0.42231 0.0162465 0.0215369
25 0.503881 0.423002 0.0159943 0.0209497
19 0.749518 0.347402 0.017276 0.0206327
22 0.287517 0.16003 0.0114085 0.0214101
69 0.0748473 0.660985 0.0140399 0.0221487
17 0.538175 0.119848 0.0187662 0.0225127
9 0.721178 0.933565 0.0180531 0.0228367
44 0.441902 0.387578 0.0124857 0.0215747
27 0.954631 0.898719 0.01809 0.0226843
17 0.848592 0.149118 0.0175438 0.0209822
68 0.439992 0.727094 0.0122681 0.0202471
44 0.139203 0.500409 0.01402 0.0246091
3 0.979934 0.698202 0.0164799 0.0223751
21 0.364228 0.422163 0.0176375 0.0214758
11 0.738771 0.148644 0.0115467 0.0200992
66 0.139299 0.527991 0.0132082 0.024712
