32 0.436236 0.88252 0.0206058 0.0245978
31 0.410624 0.737705 0.01893 0.0226475
17 0.256995 0.655246 0.0164162 0.0213405
8 0.258345 0.598455 0.0155343 0.0209453
14 0.722297 0.0115474 0.0207131 0.022916
10 0.827728 0.582874 0.0202175 0.0250978
13 0.640965 0.0117876 0.0198199 0.0222438
12 0.178557 0.494227 0.0187415 0.0218265
3 0.604531 0.828652 0.0191852 0.0241203
21 0.16023 0.893308 0.0172852 0.0224958
8 0.0781243 0.658887 0.0169804 0.0206326
2 0.160151 0.845925 0.0180982 0.0268158
11 0.304444 0.369293 0.0121954 0.0215194
30 0.960566 0.401129 0.0180679 0.0243953
15 0.893171 0.0125343 0.0202122 0.0235067
5 0.324296 0.738408 0.018207 0.0239674
55 0.297984 0.577634 0.010274 0.0199804
8 0.0258787 0.55177 0.0165983 0.0227034
33 0.38545 0.100762 0.0121768 0.0243393
26 0.430264 0.100095 0.0178812 0.0222532
0 0.256189 0.368832 0.0114787 0.0217179
44 0.969923 0.0823593 0.012312 0.0235066
1 0.0242674 0.479384 0.0167651 0.0211876
16 0.808301 0.011381 0.0195688 0.0219867
29 0.960685 0.46786 0.0191124 0.0247675
24 0.0637389 0.760188 0.0168799 0.0215086
22 0.298055 0.526446 0.0107252 0.0194393
25 0.563952 0.0116001 0.0198292 0.0232001
4 0.102048 0.36995 0.0169201 0.0224613
6 0.0242407 0.411484 0.016503 0.0227325
20 0.0244677 0.516521 0.0167689 0.0209871
23 0.0275466 0.760198 0.0177281 0.0215316
18 0.0245645 0.51645 0.0167865 0.0211357
9 0.160453 0.933761 0.016332 0.0222803
7 0.160315 0.934461 0.0166412 0.0225011
55 0.0251882 0.375647 0.0131578 0.0221311
