10 0.857438 0.479623 0.0161793 0.0177874
3 0.238256 0.742236 0.0153577 0.0172821
23 0.926181 0.739662 0.0161914 0.0154051
33 0.421713 0.595331 0.0095502 0.0141349
13 0.857052 0.440409 0.0154972 0.015737
12 0.832066 0.440528 0.0161274 0.0148765
33 0.49777 0.595269 0.00918596 0.0144185
13 0.91918 0.440108 0.0155812 0.0158006
18 0.875182 0.605432 0.0153518 0.0146532
19 0.787293 0.652822 0.0148499 0.0155961
55 0.541739 0.826717 0.00993724 0.0153977
1 0.404863 0.44031 0.0157323 0.0168793
15 0.787323 0.673575 0.0153356 0.0154488
9 0.238401 0.715894 0.0150972 0.0157338
3 0.0611796 0.644723 0.0154704 0.0164927
7 0.0594934 0.606913 0.0152486 0.0170614
2 0.237435 0.769234 0.0153166 0.0171382
8 0.0592916 0.716514 0.0149618 0.0164756
14 0.929013 0.323404 0.0152132 0.0149989
66 0.458826 0.826666 0.0106699 0.0160897
55 0.48584 0.82693 0.0103811 0.0151713
22 0.396886 0.595375 0.00953297 0.014649
16 0.787809 0.613469 0.0145193 0.0145123
5 0.404605 0.496769 0.0155175 0.0169371
66 0.567569 0.826225 0.00971546 0.0152674
21 0.92597 0.64818 0.0154861 0.0156597
21 0.925909 0.764781 0.0157921 0.0154099
0 0.27184 0.353661 0.0103379 0.0169054
33 0.45621 0.595234 0.00875874 0.0130229
26 0.334716 0.590777 0.0158494 0.0152767
21 0.926002 0.673565 0.0153397 0.015067
44 0.518311 0.59534 0.0102281 0.0150698
6 0.0604582 0.680212 0.0147256 0.0160497
20 0.925927 0.622853 0.0155731 0.015153
7 0.40468 0.469694 0.0155636 0.0172465
55 0.6218 0.764531 0.0105606 0.0161943
25 0.301835 0.101128 0.0163252 0.0167999
