44 0.273656 0.490221 0.0157004 0.0251464
44 0.715024 0.31173 0.011569 0.021334
11 0.273813 0.36787 0.0145487 0.0238389
2 0.375443 0.940494 0.0192936 0.0229895
2 0.951543 0.639539 0.0192676 0.0234183
55 0.273703 0.780756 0.0153385 0.0247587
66 0.950943 0.595016 0.015038 0.0247239
22 0.634351 0.316802 0.0122734 0.0195757
1 0.376278 0.986634 0.0203705 0.0225899
1 0.952182 0.681367 0.0198841 0.0227293
0 0.273751 0.401663 0.0157502 0.0258602
3 0.270983 0.655517 0.021395 0.0251537
33 0.274253 0.592466 0.0146629 0.0237111
3 0.888947 0.360402 0.0207816 0.0227831
22 0.274012 0.333396 0.014315 0.023109
11 0.634532 0.359445 0.012561 0.0211774
68 0.273514 0.717754 0.015457 0.0248927
69 0.566443 0.987006 0.0147211 0.0209216
