34 0.224533 0.569161 0.0183115 0.0215455
32 0.14376 0.702099 0.0179463 0.0225713
13 0.0649098 0.911087 0.0171779 0.0218669
15 0.25856 0.428931 0.0180096 0.0220208
47 0.115905 0.910991 0.0185364 0.0233479
4 0.851031 0.281548 0.0167133 0.0210486
34 0.143806 0.745521 0.0175082 0.0211734
8 0.940943 0.404347 0.0161076 0.0214937
3 0.368674 0.241209 0.0191182 0.0225958
5 0.783339 0.281591 0.0169348 0.0209718
11 0.436955 0.881749 0.0111836 0.0203738
28 0.0306977 0.326085 0.0179592 0.0227471
19 0.62548 0.882292 0.0174487 0.0211846
37 0.864541 0.699333 0.0173701 0.0212576
27 0.0307331 0.274368 0.0178391 0.0231666
10 0.758229 0.282469 0.0166275 0.021368
24 0.342399 0.790045 0.0175425 0.0216493
38 0.890405 0.699397 0.0171841 0.0213113
32 0.188973 0.568974 0.018781 0.0234633
1 0.294646 0.428912 0.017287 0.021759
12 0.733953 0.281801 0.0168752 0.0210331
2 0.25531 0.655845 0.0178387 0.0229787
66 0.477031 0.584057 0.0126607 0.0216308
31 0.223852 0.429719 0.0181718 0.0214147
46 0.229374 0.911335 0.0170523 0.0224227
30 0.216464 0.287837 0.0177902 0.019962
50 0.36861 0.203149 0.0172895 0.0225107
56 0.714933 0.882273 0.0181383 0.0218127
16 0.706256 0.281651 0.0171115 0.021711
0 0.495264 0.0478826 0.0132988 0.0236667
6 0.941413 0.51654 0.0154581 0.020855
52 0.556644 0.882044 0.0177551 0.0212941
25 0.342717 0.828345 0.0176548 0.0223456
42 0.688518 0.882753 0.0171796 0.0203708
30 0.286461 0.25684 0.0172359 0.0206728
14 0.224526 0.523967 0.0184415 0.0223526
20 0.332286 0.638199 0.0177311 0.021798
66 0.427396 0.625296 0.0126455 0.021633
43 0.766186 0.69937 0.0180273 0.021307
55 0.0561709 0.51369 0.0124174 0.0230033
9 0.941492 0.475971 0.0160618 0.0209984
21 0.372461 0.828041 0.0169369 0.0208714
45 0.0304171 0.2205 0.0185138 0.0240628
35 0.184319 0.655963 0.0169967 0.0203609
49 0.527034 0.696062 0.0167085 0.0210029
29 0.286485 0.292297 0.0177933 0.021157
69 0.428469 0.583952 0.012603 0.0213726
44 0.465287 0.881676 0.0114019 0.0208324
53 0.590036 0.88254 0.018489 0.0217181
22 0.362741 0.638281 0.0125233 0.0231146
7 0.941356 0.476158 0.0163692 0.0211668
33 0.300581 0.637933 0.013086 0.0218496
42 0.737407 0.69935 0.0185551 0.021177
23 0.342903 0.866152 0.0174764 0.0218752
26 0.816549 0.699346 0.0172913 0.0211938
49 0.493945 0.882207 0.017209 0.0208112
41 0.722982 0.401458 0.0166405 0.021069
36 0.839955 0.699346 0.0174129 0.0211935
4 0.758184 0.281716 0.016264 0.0208249
54 0.656824 0.882507 0.0178005 0.0209651
28 0.342453 0.789541 0.017259 0.0220728
68 0.451726 0.626171 0.0118712 0.0209903
17 0.647928 0.453553 0.0174614 0.0214091
18 0.62258 0.404753 0.0186191 0.0221825
39 0.792138 0.699238 0.0177332 0.0213832
53 0.52382 0.882204 0.0175413 0.0211777
34 0.714861 0.882558 0.0181732 0.0216407
55 0.507568 0.696182 0.0114925 0.021135
