41 0.460082 0.745374 0.0169886 0.0229228
9 0.256869 0.0646501 0.0156808 0.0219485
23 0.129318 0.745613 0.0170473 0.0216314
55 0.778657 0.418798 0.0107427 0.0222485
15 0.308366 0.745535 0.0172472 0.0229542
37 0.511345 0.74536 0.0179582 0.0230372
38 0.484797 0.746117 0.0181486 0.0232579
15 0.413109 0.745264 0.0168173 0.0237286
56 0.385278 0.23724 0.0175477 0.0221234
18 0.334411 0.0653804 0.0180199 0.0224707
19 0.36092 0.0647997 0.0169693 0.0224171
32 0.534935 0.0665202 0.0168751 0.0211839
15 0.256766 0.745926 0.0174821 0.0237366
20 0.179941 0.065061 0.0184197 0.0228376
27 0.588066 0.0659433 0.0170456 0.0225263
2 0.898756 0.929029 0.0162682 0.0237933
24 0.104057 0.747294 0.0155439 0.0220845
4 0.748319 0.585761 0.0146771 0.0215611
5 0.90363 0.454185 0.0150782 0.0216016
14 0.683286 0.590148 0.0181838 0.0240703
1 0.74841 0.544875 0.0153826 0.0221616
0 0.104116 0.0648128 0.0107246 0.0217344
49 0.411457 0.237083 0.0173203 0.0215284
16 0.89832 0.673432 0.0174068 0.0226715
66 0.778824 0.502639 0.0108199 0.022627
10 0.282842 0.0648389 0.0157347 0.0214245
11 0.898583 0.892321 0.013818 0.023449
17 0.231791 0.0650327 0.0180303 0.0232309
13 0.722214 0.590994 0.0167241 0.0226093
8 0.154109 0.0646186 0.0152864 0.0213044
15 0.411418 0.065124 0.0174091 0.0224225
30 0.511931 0.237163 0.0165867 0.0205525
50 0.43729 0.236812 0.0170097 0.0215638
15 0.178026 0.388682 0.0166336 0.0202698
5 0.74828 0.499874 0.0152899 0.0221427
21 0.155759 0.745473 0.0173618 0.02249
48 0.35923 0.23741 0.0172986 0.0230519
15 0.528233 0.859403 0.017637 0.022491
45 0.602887 0.858881 0.017973 0.0233821
56 0.486945 0.0657823 0.0178561 0.0229155
34 0.765228 0.0672356 0.0182191 0.0209021
36 0.65403 0.591124 0.0183459 0.0231217
55 0.780119 0.332176 0.0120506 0.0224278
26 0.689861 0.0667153 0.0181755 0.0227896
15 0.6526 0.859446 0.0168039 0.0218047
15 0.729267 0.858901 0.0170308 0.0223688
25 0.637779 0.066045 0.0165303 0.0218327
15 0.577544 0.859756 0.0174496 0.0230521
6 0.826876 0.436004 0.0140816 0.0217254
7 0.129196 0.0648107 0.0158032 0.0223657
42 0.551587 0.859773 0.0177486 0.0221134
54 0.485079 0.237138 0.0168834 0.020596
47 0.628898 0.859072 0.0171289 0.0231053
53 0.704621 0.859211 0.0164246 0.0222085
35 0.73846 0.0664539 0.0161505 0.020518
31 0.561 0.0661934 0.0178699 0.0223304
34 0.231173 0.745116 0.0177784 0.0228816
42 0.33313 0.745165 0.0173496 0.0224138
44 0.778878 0.4611 0.0102184 0.0231992
52 0.900111 0.851618 0.017505 0.0222252
12 0.309071 0.0661865 0.0176237 0.0223722
42 0.282297 0.745587 0.0177381 0.0231882
3 0.900092 0.761602 0.0156616 0.0225574
69 0.205296 0.744151 0.0124442 0.0215713
42 0.435387 0.745118 0.0167786 0.0229002
51 0.900175 0.80859 0.0166176 0.0225684
14 0.385897 0.0651833 0.0173573 0.0226039
29 0.462185 0.0660961 0.0175059 0.0229778
29 0.561176 0.0658489 0.0175377 0.0231056
46 0.422038 0.363035 0.0168909 0.0225322
