14 0.358333 0.230603 0.0168638 0.0196242
66 0.0411068 0.504077 0.0128895 0.0238077
30 0.89755 0.220778 0.0172477 0.019217
17 0.576564 0.33233 0.0170704 0.0194759
9 0.492083 0.987539 0.0183397 0.0210245
34 0.648831 0.594868 0.0176557 0.0202645
41 0.472683 0.48488 0.0167328 0.0183177
21 0.741857 0.49855 0.0183744 0.0216468
5 0.553745 0.197215 0.0169866 0.0216713
39 0.613159 0.594667 0.0170751 0.0205126
48 0.138076 0.2714 0.0170994 0.020872
46 0.317189 0.230316 0.0166828 0.0201232
0 0.372364 0.988332 0.0115027 0.0199564
42 0.0419061 0.578172 0.0176824 0.0215549
16 0.551299 0.332422 0.017123 0.0195005
1 0.765325 0.0923394 0.0173437 0.0227626
3 0.552685 0.0630596 0.0167469 0.0203622
8 0.554019 0.16356 0.0165407 0.0212186
8 0.528483 0.684358 0.0171007 0.0224839
8 0.642341 0.332274 0.017226 0.0203422
34 0.575772 0.987814 0.0173923 0.0194584
52 0.0257615 0.404081 0.0169135 0.0207528
41 0.546636 0.987333 0.0177732 0.0210247
32 0.957266 0.221151 0.0174923 0.0200635
43 0.0415988 0.721438 0.0180977 0.0215054
2 0.734219 0.102628 0.0159915 0.0218544
55 0.60338 0.987555 0.011653 0.0188493
24 0.671384 0.297961 0.0165951 0.0202952
27 0.869793 0.221125 0.0175836 0.0195494
13 0.357917 0.198893 0.0165846 0.0201166
18 0.686731 0.173022 0.0173252 0.0204218
31 0.908918 0.341347 0.0189661 0.0222495
47 0.317593 0.19855 0.0174055 0.0214772
19 0.715782 0.172812 0.0172199 0.0204066
51 0.472432 0.453985 0.0167235 0.0204084
51 0.162565 0.271831 0.016813 0.0207061
6 0.553558 0.26662 0.0165898 0.0204393
10 0.519362 0.98754 0.0177751 0.0211247
11 0.343665 0.988266 0.0125888 0.0195356
15 0.672216 0.332444 0.0185912 0.0206804
10 0.435274 0.987455 0.0172521 0.019502
23 0.717887 0.498814 0.0181128 0.0221218
28 0.925939 0.220947 0.0176274 0.0200333
58 0.0413631 0.651815 0.0178781 0.0213851
37 0.16249 0.357184 0.0168743 0.0209657
32 0.510141 0.485512 0.016876 0.0194554
25 0.657843 0.22618 0.0169352 0.0201831
38 0.162408 0.386787 0.0169355 0.0207133
33 0.463636 0.987407 0.0117243 0.0189569
23 0.702776 0.298059 0.0175722 0.0210372
84 0.382238 0.452106 0.010999 0.0184432
26 0.6578 0.262718 0.0172356 0.0210113
22 0.402744 0.988467 0.0124197 0.0194854
10 0.472659 0.38508 0.0163451 0.0199556
12 0.358587 0.262429 0.0172592 0.0192012
20 0.777998 0.229621 0.0175924 0.0199647
44 0.632291 0.987272 0.0117579 0.0198303
10 0.61311 0.532221 0.0180937 0.0215447
7 0.472015 0.348501 0.016846 0.0198286
4 0.553775 0.233773 0.0168879 0.0208854
50 0.186883 0.271365 0.0176677 0.0212573
36 0.162266 0.327529 0.0166463 0.0207648
56 0.130813 0.0138168 0.018113 0.0204428
34 0.799525 0.176365 0.017864 0.0206646
9 0.472756 0.421055 0.0160406 0.0197396
