51 0.129349 0.854641 0.0174038 0.0212503
57 0.937164 0.74926 0.0164976 0.0212535
31 0.050674 0.280089 0.0164667 0.0210512
38 0.57278 0.601869 0.0164463 0.02041
41 0.600962 0.601483 0.0173743 0.0210122
38 0.800356 0.821651 0.01726 0.0221906
36 0.157629 0.337262 0.0169411 0.0213914
26 0.290291 0.218715 0.0166177 0.0208964
8 0.477087 0.200641 0.0157975 0.0195684
15 0.442663 0.6747 0.0175036 0.0208902
8 0.937911 0.700942 0.0164703 0.0223236
7 0.503099 0.327303 0.0160002 0.0199534
56 0.937346 0.793871 0.0169844 0.0212538
1 0.645797 0.327242 0.0172071 0.0210464
22 0.948247 0.0546365 0.0111461 0.0209249
23 0.300911 0.579995 0.0173469 0.0215568
2 0.621262 0.327435 0.0164413 0.0204661
5 0.550777 0.32779 0.0174873 0.0209322
3 0.494358 0.6883 0.0188569 0.0242652
19 0.350444 0.392268 0.0162584 0.0199085
59 0.0366203 0.619696 0.0180526 0.0216697
24 0.276602 0.579709 0.0166007 0.0218123
6 0.526624 0.327787 0.0160638 0.0200196
58 0.800171 0.781905 0.0179255 0.0230712
13 0.48721 0.601749 0.0163942 0.0213392
14 0.427906 0.712337 0.017893 0.0221179
66 0.305221 0.108651 0.0126343 0.0230407
29 0.0504351 0.356102 0.0170746 0.0214769
33 0.805054 0.564016 0.0119161 0.021236
28 0.302254 0.44675 0.0176503 0.0212293
16 0.42123 0.67418 0.0178594 0.0211478
12 0.629464 0.601878 0.0178437 0.0216021
35 0.121308 0.337521 0.0165694 0.0204439
5 0.518136 0.688271 0.0183846 0.0240702
51 0.129283 0.725804 0.0176328 0.0227826
20 0.348909 0.580054 0.017099 0.0209403
39 0.544251 0.601941 0.0169582 0.0216715
28 0.0504311 0.318094 0.0168208 0.0207301
42 0.515863 0.601704 0.0174026 0.0208406
52 0.129216 0.893266 0.0172956 0.0218189
0 0.814838 0.0546618 0.0101413 0.0200935
4 0.574292 0.327972 0.0178001 0.0214346
68 0.895105 0.054499 0.0112694 0.0202908
59 0.0601336 0.619758 0.0170357 0.0216734
25 0.31394 0.21854 0.0166282 0.0216582
49 0.439796 0.77003 0.0173509 0.0219585
44 0.465605 0.059269 0.0111723 0.0203972
3 0.598068 0.327831 0.0169819 0.0207068
48 0.129237 0.811608 0.0176103 0.022725
50 0.439839 0.809591 0.0170776 0.0218552
47 0.199307 0.619686 0.0177337 0.0219006
62 0.800157 0.863567 0.0175731 0.0211214
54 0.129414 0.768183 0.017506 0.0212947
10 0.453613 0.202393 0.0165121 0.0205438
84 0.673164 0.215979 0.011878 0.0216704
18 0.37377 0.392833 0.015576 0.0202878
46 0.174483 0.619966 0.0165091 0.0213591
60 0.0863184 0.619757 0.0179765 0.0225727
54 0.0601775 0.619396 0.0172201 0.0218822
27 0.266225 0.218625 0.0167488 0.0207243
11 0.975565 0.0548389 0.0121349 0.021229
9 0.35457 0.218418 0.0171834 0.0219332
44 0.465148 0.0837084 0.0119251 0.0206018
15 0.324612 0.580067 0.0172598 0.0210428
30 0.868176 0.0544722 0.0161108 0.0207972
56 0.127077 0.619784 0.0181477 0.0224818
52 0.194236 0.218225 0.0172805 0.0208359
55 0.465174 0.0836113 0.0111743 0.0202126
21 0.3245 0.580178 0.0171218 0.0210239
