3 0.549288 0.460765 0.0187162 0.0227581
12 0.136559 0.194235 0.0177466 0.0214803
55 0.390551 0.919207 0.0143108 0.0242137
55 0.140422 0.323125 0.0117836 0.0223337
4 0.136858 0.25387 0.017832 0.0227219
13 0.841208 0.737828 0.0202931 0.0238585
33 0.31383 0.919807 0.0135816 0.0233628
16 0.108473 0.919706 0.0184926 0.0218059
66 0.791634 0.737082 0.0188419 0.0295272
2 0.43964 0.0438421 0.0211927 0.0265985
15 0.91789 0.737389 0.0194926 0.0231242
5 0.549915 0.043022 0.0199763 0.0239542
1 0.211745 0.920251 0.0220903 0.0294257
14 0.943999 0.736723 0.0189473 0.0220689
69 0.652109 0.919233 0.0145304 0.0240119
10 0.136849 0.153542 0.0176588 0.022686
44 0.140237 0.394736 0.0130974 0.0235352
69 0.729152 0.919318 0.0135917 0.0224852
11 0.764898 0.738285 0.0193056 0.0283914
33 0.694487 0.920085 0.0135445 0.0230109
9 0.170927 0.0756849 0.0184253 0.0222202
44 0.62706 0.0426012 0.0132616 0.0229704
8 0.19674 0.075184 0.0178207 0.02205
55 0.590348 0.042552 0.0131284 0.0217599
17 0.0565696 0.919813 0.0180202 0.0223774
7 0.222437 0.0755072 0.0180527 0.0220694
68 0.661941 0.0430446 0.0130925 0.0216068
68 0.590321 0.0427217 0.0129848 0.0224352
