16 0.12981 0.830434 0.0196542 0.0244396
8 0.282865 0.0137977 0.0202499 0.0258891
13 0.282138 0.10524 0.0183828 0.0254967
15 0.00933112 0.614694 0.0182684 0.0243215
1 0.436767 0.639995 0.0206502 0.0281075
10 0.668528 0.340732 0.0187177 0.0237491
12 0.62849 0.317942 0.018208 0.0222394
3 0.736015 0.0136974 0.0222332 0.0268138
69 0.504587 0.664174 0.0169903 0.028436
4 0.517549 0.0132532 0.0204823 0.025198
0 0.651907 0.0138275 0.0158958 0.0254898
17 0.00895149 0.672008 0.0176537 0.0236965
68 0.653751 0.837724 0.0145716 0.0245381
33 0.250665 0.937211 0.0154265 0.024735
5 0.991448 0.293805 0.0166124 0.0273624
11 0.285649 0.193542 0.0140306 0.0270346
14 0.887948 0.0136049 0.0221153 0.0256543
6 0.397855 0.616545 0.0188274 0.0253181
66 0.289086 0.29761 0.0140608 0.0270515
7 0.991228 0.420125 0.0171334 0.0274626
9 0.991113 0.0132412 0.0171665 0.0253986
22 0.810541 0.0135012 0.0168572 0.0253059
2 0.991408 0.538349 0.0166269 0.0269557
55 0.527928 0.936032 0.0150329 0.0258
