10 0.292572 0.280487 0.0170062 0.0184036
14 0.471244 0.189249 0.0169126 0.0178925
12 0.326699 0.279555 0.0171018 0.0184954
2 0.645364 0.280593 0.0162048 0.0185528
12 0.259915 0.280578 0.0172086 0.0183965
14 0.392691 0.27985 0.0170929 0.0190692
66 0.916365 0.281972 0.0133927 0.0202751
3 0.782 0.281378 0.0178691 0.019188
3 0.612498 0.280882 0.017025 0.0188297
16 0.8489 0.281739 0.0186352 0.0201262
8 0.265935 0.629264 0.0173504 0.0196614
8 0.266256 0.5381 0.0167527 0.0187857
13 0.437437 0.188998 0.0160157 0.0176046
1 0.862509 0.767019 0.0168949 0.0189205
5 0.730226 0.765709 0.016774 0.0184447
55 0.883801 0.282056 0.0128935 0.0201843
9 0.359614 0.279585 0.0167687 0.0185901
5 0.815407 0.281548 0.0181851 0.0202883
4 0.679601 0.280963 0.0174546 0.018846
15 0.747421 0.281042 0.0178353 0.0192368
11 0.903989 0.737462 0.0109733 0.0159521
7 0.266209 0.583733 0.0169575 0.0196883
68 0.71422 0.280985 0.0124235 0.0190658
44 0.97404 0.508276 0.0116241 0.0191922
22 0.973786 0.614803 0.0112369 0.0193727
69 0.795902 0.76617 0.0124666 0.0176122
33 0.949631 0.282876 0.0130659 0.0196855
7 0.265942 0.674264 0.0173158 0.0206701
